2.921348314606742047e-01 5.306475965747548679e-02
0.31 2.9e-02
4.654895666131620979e-01 1.952979454137503817e-02
0.55 1.7e-02
6.677367576243981029e-01 1.047977805391230033e-02
0.84 0.75e-02
8.972712680577850097e-01 6.812920690579622220e-03
1.154093097913322374e+00 5.074886767657295177e-03
1.18 0.57e-02
1.449438202247190999e+00 4.160919221906362112e-03
1.59 0.43e-02
1.783306581059389995e+00 3.583138256622874027e-03
2.08 0.39e-02
2.162118780096308424e+00 3.358659897975332063e-03
2.593900481540931224e+00 3.591168689994778378e-03
2.66 0.43e-02
3.088282504012841212e+00 4.651991438033419718e-03
3.645264847512038386e+00 5.354046892271281666e-02
